0.25  0.0279808
0.34985  0.0565836
0.4497  0.0328322
0.54955  0.00729809
0.6494  0.0073842
0.74925  0.0217413
0.8491  0.021456
0.94895  0.0144624
1.0488  0.00763688
1.14865  0.00326827
1.2485  0.00146347
1.34835  0.00161968
1.4482  0.0030391
1.54805  0.00514146
1.6479  0.00750903
1.74775  0.00986914
1.8476  0.0120599
1.94745  0.0139969
2.0473  0.0156464
2.14715  0.0170061
2.247  0.0180917
2.34685  0.0189282
2.4467  0.0195446
2.54655  0.0199703
2.6464  0.0202331
2.74625  0.0203587
2.8461  0.02037
2.94595  0.020287
3.0458  0.0201271
3.14565  0.0199049
3.2455  0.0196332
3.34535  0.0193225
3.4452  0.0189817
3.54505  0.0186184
3.6449  0.0182386
3.74475  0.0178477
3.8446  0.0174497
3.94445  0.0170482
4.0443  0.0166461
4.14415  0.0162456
4.244  0.0158487
4.34385  0.0154567
4.4437  0.015071
4.54355  0.0146924
4.6434  0.0143216
4.74325  0.0139591
4.8431  0.0136054
4.94295  0.0132606
5.0428  0.012925
5.14265  0.0125986
5.2425  0.0122813
5.34235  0.0119732
5.4422  0.0116742
5.54205  0.011384
5.6419  0.0111026
5.74175  0.0108297
5.8416  0.0105653
5.94145  0.0103089
6.0413  0.0100605
6.14115  0.00981983
6.241  0.00958661
6.34085  0.00936065
6.4407  0.00914172
6.54055  0.00892958
6.6404  0.00872401
6.74025  0.0085248
6.8401  0.00833173
6.93995  0.00814459
7.0398  0.00796317
7.13965  0.00778728
7.2395  0.00761672
7.33935  0.00745131
7.4392  0.00729086
7.53905  0.00713521
7.6389  0.00698417
7.73875  0.00683759
7.8386  0.00669531
7.93845  0.00655718
8.0383  0.00642305
8.13815  0.00629279
8.238  0.00616625
8.33785  0.0060433
8.4377  0.00592382
8.53755  0.0058077
8.6374  0.0056948
8.73725  0.00558503
8.8371  0.00547827
8.93695  0.00537443
9.0368  0.00527339
9.13665  0.00517507
9.2365  0.00507938
9.33635  0.00498622
9.4362  0.00489552
9.53605  0.00480719
9.6359  0.00472115
9.73575  0.00463733
9.8356  0.00455565
9.93545  0.00447605
10.0353  0.00439846
10.1351  0.00432281
10.235  0.00424904
10.3348  0.00417709
10.4347  0.00410691
10.5345  0.00403844
10.6344  0.00397162
10.7342  0.00390641
10.8341  0.00384275
10.9339  0.0037806
11.0338  0.00371992
11.1336  0.00366065
11.2335  0.00360275
11.3333  0.00354619
11.4332  0.00349093
11.533  0.00343692
11.6329  0.00338412
11.7327  0.00333252
11.8326  0.00328206
11.9324  0.00323272
12.0323  0.00318446
12.1321  0.00313725
12.232  0.00309107
12.3318  0.00304589
12.4317  0.00300167
12.5315  0.00295839
12.6314  0.00291603
12.7312  0.00287455
12.8311  0.00283394
12.9309  0.00279417
13.0308  0.00275522
13.1306  0.00271707
13.2305  0.00267969
13.3303  0.00264307
13.4302  0.00260719
13.53  0.00257202
13.6299  0.00253754
13.7297  0.00250375
13.8296  0.00247062
13.9294  0.00243813
14.0293  0.00240627
14.1291  0.00237503
14.229  0.00234438
14.3288  0.00231431
14.4287  0.00228482
14.5285  0.00225587
14.6284  0.00222747
14.7282  0.00219959
14.8281  0.00217223
14.9279  0.00214537
15.0278  0.002119
15.1276  0.00209311
15.2275  0.00206768
15.3273  0.00204272
15.4272  0.00201819
15.527  0.0019941
15.6269  0.00197044
15.7267  0.00194719
15.8266  0.00192434
15.9264  0.00190189
16.0263  0.00187983
16.1261  0.00185815
16.226  0.00183683
16.3258  0.00181588
16.4257  0.00179528
16.5255  0.00177503
16.6254  0.00175511
16.7252  0.00173553
16.8251  0.00171626
16.9249  0.00169732
17.0248  0.00167868
17.1246  0.00166035
17.2245  0.00164231
17.3243  0.00162457
17.4242  0.0016071
17.524  0.00158992
17.6239  0.00157301
17.7237  0.00155636
17.8236  0.00153998
17.9234  0.00152385
18.0233  0.00150797
18.1231  0.00149233
18.223  0.00147694
18.3228  0.00146178
18.4227  0.00144685
18.5225  0.00143215
18.6224  0.00141767
18.7222  0.00140341
18.8221  0.00138936
18.9219  0.00137552
19.0218  0.00136188
19.1216  0.00134844
19.2215  0.0013352
19.3213  0.00132215
19.4212  0.0013093
19.521  0.00129662
19.6209  0.00128413
19.7207  0.00127182
19.8206  0.00125969
19.9204  0.00124772
20.0203  0.00123593
20.1201  0.0012243
20.22  0.00121283
20.3198  0.00120152
20.4197  0.00119037
20.5195  0.00117937
20.6194  0.00116852
20.7192  0.00115782
20.8191  0.00114727
20.9189  0.00113686
21.0188  0.00112659
21.1186  0.00111646
21.2185  0.00110646
21.3183  0.0010966
21.4182  0.00108687
21.518  0.00107726
21.6179  0.00106778
21.7177  0.00105843
21.8176  0.0010492
21.9174  0.00104008
22.0173  0.00103109
22.1171  0.00102221
22.217  0.00101344
22.3168  0.00100479
22.4167  0.000996244
22.5165  0.000987808
22.6164  0.000979479
22.7162  0.000971253
22.8161  0.000963131
22.9159  0.000955109
23.0158  0.000947187
23.1156  0.000939363
23.2155  0.000931635
23.3153  0.000924001
23.4152  0.00091646
23.515  0.000909012
23.6149  0.000901653
23.7147  0.000894383
23.8146  0.0008872
23.9144  0.000880103
24.0143  0.00087309
24.1141  0.000866161
24.214  0.000859313
24.3138  0.000852546
24.4137  0.000845859
24.5135  0.000839249
24.6134  0.000832717
24.7132  0.00082626
24.8131  0.000819877
24.9129  0.000813568
25.0128  0.000807332
25.1126  0.000801166
25.2125  0.000795071
25.3123  0.000789045
25.4122  0.000783087
25.512  0.000777196
25.6119  0.00077137
25.7117  0.00076561
25.8116  0.000759914
25.9114  0.000754281
26.0113  0.000748711
26.1111  0.000743201
26.211  0.000737752
26.3108  0.000732363
26.4107  0.000727032
26.5105  0.000721759
26.6104  0.000716543
26.7102  0.000711383
26.8101  0.000706279
26.9099  0.000701229
27.0098  0.000696233
27.1096  0.00069129
27.2095  0.000686399
27.3093  0.00068156
27.4092  0.000676772
27.509  0.000672034
27.6089  0.000667345
27.7087  0.000662705
27.8086  0.000658113
27.9084  0.000653569
28.0083  0.000649071
28.1081  0.00064462
28.208  0.000640214
28.3078  0.000635853
28.4077  0.000631536
28.5075  0.000627263
28.6074  0.000623033
28.7072  0.000618846
28.8071  0.0006147
28.9069  0.000610596
29.0068  0.000606533
29.1066  0.00060251
29.2065  0.000598527
29.3063  0.000594584
29.4062  0.000590679
29.506  0.000586812
29.6059  0.000582983
29.7057  0.000579191
29.8056  0.000575436
29.9054  0.000571717
30.0053  0.000568035
30.1051  0.000564387
30.205  0.000560775
30.3048  0.000557197
30.4047  0.000553653
30.5045  0.000550143
30.6044  0.000546666
30.7042  0.000543221
30.8041  0.00053981
30.9039  0.00053643
31.0038  0.000533081
31.1036  0.000529764
31.2035  0.000526478
31.3033  0.000523222
31.4032  0.000519996
31.503  0.0005168
31.6029  0.000513633
31.7027  0.000510495
31.8026  0.000507386
31.9024  0.000504305
32.0023  0.000501251
32.1021  0.000498226
32.202  0.000495228
32.3019  0.000492256
32.4017  0.000489312
32.5016  0.000486393
32.6014  0.000483501
32.7013  0.000480634
32.8011  0.000477792
32.901  0.000474976
33.0008  0.000472184
33.1007  0.000469417
33.2005  0.000466675
33.3004  0.000463956
33.4002  0.00046126
33.5001  0.000458588
33.5999  0.00045594
33.6998  0.000453314
33.7996  0.00045071
33.8995  0.000448129
33.9993  0.00044557
34.0992  0.000443033
34.199  0.000440518
34.2989  0.000438023
34.3987  0.00043555
34.4986  0.000433098
34.5984  0.000430666
34.6983  0.000428255
34.7981  0.000425864
34.898  0.000423492
34.9978  0.000421141
35.0977  0.000418809
35.1975  0.000416496
35.2974  0.000414202
35.3972  0.000411928
35.4971  0.000409672
35.5969  0.000407434
35.6968  0.000405215
35.7966  0.000403013
35.8965  0.00040083
35.9963  0.000398664
36.0962  0.000396516
36.196  0.000394384
36.2959  0.000392271
36.3957  0.000390173
36.4956  0.000388093
36.5954  0.00038603
36.6953  0.000383982
36.7951  0.000381951
36.895  0.000379936
36.9948  0.000377937
37.0947  0.000375953
37.1945  0.000373986
37.2944  0.000372033
37.3942  0.000370096
37.4941  0.000368174
37.5939  0.000366266
37.6938  0.000364374
37.7936  0.000362496
37.8935  0.000360632
37.9933  0.000358783
38.0932  0.000356948
38.193  0.000355127
38.2929  0.00035332
38.3927  0.000351527
38.4926  0.000349747
38.5924  0.000347981
38.6923  0.000346228
38.7921  0.000344488
38.892  0.000342761
38.9918  0.000341048
39.0917  0.000339347
39.1915  0.000337658
39.2914  0.000335983
39.3912  0.000334319
39.4911  0.000332668
39.5909  0.00033103
39.6908  0.000329403
39.7906  0.000327788
39.8905  0.000326185
39.9903  0.000324594
40.0902  0.000323014
40.19  0.000321446
40.2899  0.000319889
40.3897  0.000318344
40.4896  0.000316809
40.5894  0.000315286
40.6893  0.000313774
40.7891  0.000312272
40.889  0.000310781
40.9888  0.000309301
41.0887  0.000307832
41.1885  0.000306373
41.2884  0.000304924
41.3882  0.000303485
41.4881  0.000302057
41.5879  0.000300638
41.6878  0.00029923
41.7876  0.000297831
41.8875  0.000296443
41.9873  0.000295063
42.0872  0.000293694
42.187  0.000292334
42.2869  0.000290983
42.3867  0.000289642
42.4866  0.00028831
42.5864  0.000286987
42.6863  0.000285673
42.7861  0.000284368
42.886  0.000283072
42.9858  0.000281785
43.0857  0.000280507
43.1855  0.000279237
43.2854  0.000277976
43.3852  0.000276724
43.4851  0.00027548
43.5849  0.000274244
43.6848  0.000273016
43.7846  0.000271797
43.8845  0.000270586
43.9843  0.000269383
44.0842  0.000268188
44.184  0.000267001
44.2839  0.000265822
44.3837  0.00026465
44.4836  0.000263486
44.5834  0.00026233
44.6833  0.000261182
44.7831  0.000260041
44.883  0.000258907
44.9828  0.000257781
45.0827  0.000256662
45.1825  0.000255551
45.2824  0.000254446
45.3822  0.000253349
45.4821  0.000252259
45.5819  0.000251176
45.6818  0.0002501
45.7816  0.00024903
45.8815  0.000247968
45.9813  0.000246912
46.0812  0.000245863
46.181  0.000244821
46.2809  0.000243785
46.3807  0.000242756
46.4806  0.000241733
46.5804  0.000240717
46.6803  0.000239707
46.7801  0.000238704
46.88  0.000237707
46.9798  0.000236716
47.0797  0.000235731
47.1795  0.000234752
47.2794  0.00023378
47.3792  0.000232813
47.4791  0.000231853
47.5789  0.000230898
47.6788  0.000229949
47.7786  0.000229006
47.8785  0.000228069
47.9783  0.000227138
48.0782  0.000226212
48.178  0.000225292
48.2779  0.000224377
48.3777  0.000223469
48.4776  0.000222565
48.5774  0.000221667
48.6773  0.000220775
48.7771  0.000219887
48.877  0.000219006
48.9768  0.000218129
49.0767  0.000217258
49.1765  0.000216392
49.2764  0.000215531
49.3762  0.000214675
49.4761  0.000213824
49.5759  0.000212978
49.6758  0.000212138
49.7756  0.000211302
49.8755  0.000210471
49.9753  0.000209645
50.0752  0.000208824
50.175  0.000208008
50.2749  0.000207197
50.3747  0.00020639
50.4746  0.000205588
50.5744  0.00020479
50.6743  0.000203998
50.7741  0.00020321
50.874  0.000202426
50.9738  0.000201647
51.0737  0.000200872
51.1735  0.000200102
51.2734  0.000199336
51.3732  0.000198575
51.4731  0.000197818
51.5729  0.000197065
51.6728  0.000196317
51.7726  0.000195573
51.8725  0.000194833
51.9723  0.000194097
52.0722  0.000193366
52.172  0.000192638
52.2719  0.000191915
52.3717  0.000191196
52.4716  0.00019048
52.5714  0.000189769
52.6713  0.000189062
52.7711  0.000188358
52.871  0.000187659
52.9708  0.000186963
53.0707  0.000186272
53.1705  0.000185584
53.2704  0.0001849
53.3702  0.00018422
53.4701  0.000183543
53.5699  0.00018287
53.6698  0.000182201
53.7696  0.000181536
53.8695  0.000180874
53.9693  0.000180216
54.0692  0.000179561
54.169  0.00017891
54.2689  0.000178262
54.3687  0.000177618
54.4686  0.000176978
54.5684  0.000176341
54.6683  0.000175707
54.7681  0.000175077
54.868  0.00017445
54.9678  0.000173826
55.0677  0.000173206
55.1675  0.000172589
55.2674  0.000171976
55.3672  0.000171365
55.4671  0.000170758
55.5669  0.000170154
55.6668  0.000169554
55.7666  0.000168956
55.8665  0.000168362
55.9663  0.000167771
56.0662  0.000167183
56.166  0.000166598
56.2659  0.000166016
56.3657  0.000165437
56.4656  0.000164861
56.5654  0.000164288
56.6653  0.000163718
56.7651  0.000163151
56.865  0.000162587
56.9648  0.000162026
57.0647  0.000161468
57.1645  0.000160913
57.2644  0.00016036
57.3642  0.00015981
57.4641  0.000159264
57.5639  0.00015872
57.6638  0.000158178
57.7636  0.00015764
57.8635  0.000157104
57.9633  0.000156571
58.0632  0.000156041
58.163  0.000155513
58.2629  0.000154988
58.3627  0.000154466
58.4626  0.000153946
58.5624  0.000153429
58.6623  0.000152915
58.7621  0.000152403
58.862  0.000151894
58.9618  0.000151387
59.0617  0.000150883
59.1615  0.000150381
59.2614  0.000149882
59.3612  0.000149385
59.4611  0.000148891
59.5609  0.000148399
59.6608  0.00014791
59.7606  0.000147423
59.8605  0.000146938
59.9603  0.000146456
60.0602  0.000145976
60.16  0.000145499
60.2599  0.000145024
60.3597  0.000144551
60.4596  0.000144081
60.5594  0.000143612
60.6593  0.000143146
60.7591  0.000142683
60.859  0.000142221
60.9588  0.000141762
61.0587  0.000141305
61.1585  0.00014085
61.2584  0.000140398
61.3582  0.000139947
61.4581  0.000139499
61.5579  0.000139053
61.6578  0.000138609
61.7576  0.000138167
61.8575  0.000137728
61.9573  0.00013729
62.0572  0.000136855
62.157  0.000136421
62.2569  0.00013599
62.3567  0.00013556
62.4566  0.000135133
62.5564  0.000134708
62.6563  0.000134284
62.7561  0.000133863
62.856  0.000133444
62.9558  0.000133026
63.0557  0.000132611
63.1555  0.000132197
63.2554  0.000131786
63.3552  0.000131376
63.4551  0.000130968
63.5549  0.000130563
63.6548  0.000130159
63.7546  0.000129757
63.8545  0.000129356
63.9543  0.000128958
64.0542  0.000128561
64.154  0.000128167
64.2539  0.000127774
64.3537  0.000127383
64.4536  0.000126993
64.5534  0.000126606
64.6533  0.00012622
64.7531  0.000125836
64.853  0.000125454
64.9528  0.000125073
65.0527  0.000124695
65.1525  0.000124318
65.2524  0.000123942
65.3522  0.000123569
65.4521  0.000123197
65.5519  0.000122826
65.6518  0.000122458
65.7516  0.000122091
65.8515  0.000121725
65.9513  0.000121362
66.0512  0.000121
66.151  0.000120639
66.2509  0.00012028
66.3507  0.000119923
66.4506  0.000119567
66.5504  0.000119213
66.6503  0.000118861
66.7501  0.00011851
66.85  0.000118161
66.9498  0.000117813
67.0497  0.000117466
67.1495  0.000117122
67.2494  0.000116778
67.3492  0.000116437
67.4491  0.000116096
67.5489  0.000115758
67.6488  0.00011542
67.7486  0.000115084
67.8485  0.00011475
67.9483  0.000114417
68.0482  0.000114086
68.148  0.000113756
68.2479  0.000113427
68.3477  0.0001131
68.4476  0.000112774
68.5474  0.00011245
68.6473  0.000112127
68.7471  0.000111805
68.847  0.000111485
68.9468  0.000111166
69.0467  0.000110849
69.1465  0.000110533
69.2464  0.000110218
69.3462  0.000109904
69.4461  0.000109592
69.5459  0.000109282
69.6458  0.000108972
69.7456  0.000108664
69.8455  0.000108357
69.9453  0.000108052
70.0452  0.000107747
70.145  0.000107445
70.2449  0.000107143
70.3447  0.000106842
70.4446  0.000106543
70.5444  0.000106245
70.6443  0.000105949
70.7441  0.000105653
70.844  0.000105359
70.9438  0.000105066
71.0437  0.000104775
71.1435  0.000104484
71.2434  0.000104195
71.3432  0.000103907
71.4431  0.00010362
71.5429  0.000103334
71.6428  0.00010305
71.7426  0.000102766
71.8425  0.000102484
71.9423  0.000102203
72.0422  0.000101923
72.142  0.000101644
72.2419  0.000101367
72.3417  0.00010109
72.4416  0.000100815
72.5414  0.000100541
72.6413  0.000100268
72.7411  9.99956e-05
72.841  9.97248e-05
72.9408  9.9455e-05
73.0407  9.91863e-05
73.1405  9.89187e-05
73.2404  9.86522e-05
73.3402  9.83867e-05
73.4401  9.81224e-05
73.5399  9.78591e-05
73.6398  9.75968e-05
73.7396  9.73356e-05
73.8395  9.70755e-05
73.9393  9.68163e-05
74.0392  9.65583e-05
74.139  9.63012e-05
74.2389  9.60452e-05
74.3387  9.57902e-05
74.4386  9.55362e-05
74.5384  9.52832e-05
74.6383  9.50313e-05
74.7381  9.47803e-05
74.838  9.45303e-05
74.9378  9.42813e-05
75.0377  9.40333e-05
75.1375  9.37863e-05
75.2374  9.35402e-05
75.3372  9.32951e-05
75.4371  9.30509e-05
75.5369  9.28078e-05
75.6368  9.25655e-05
75.7366  9.23243e-05
75.8365  9.20839e-05
75.9363  9.18445e-05
76.0362  9.1606e-05
76.136  9.13685e-05
76.2359  9.11319e-05
76.3357  9.08962e-05
76.4356  9.06614e-05
76.5354  9.04275e-05
76.6353  9.01945e-05
76.7351  8.99624e-05
76.835  8.97312e-05
76.9348  8.9501e-05
77.0347  8.92715e-05
77.1345  8.9043e-05
77.2344  8.88154e-05
77.3342  8.85886e-05
77.4341  8.83627e-05
77.5339  8.81376e-05
77.6338  8.79134e-05
77.7336  8.76901e-05
77.8335  8.74676e-05
77.9333  8.72459e-05
78.0332  8.70251e-05
78.133  8.68052e-05
78.2329  8.6586e-05
78.3327  8.63677e-05
78.4326  8.61502e-05
78.5324  8.59336e-05
78.6323  8.57177e-05
78.7321  8.55027e-05
78.832  8.52885e-05
78.9318  8.50751e-05
79.0317  8.48624e-05
79.1315  8.46506e-05
79.2314  8.44396e-05
79.3312  8.42293e-05
79.4311  8.40199e-05
79.5309  8.38112e-05
79.6308  8.36033e-05
79.7306  8.33961e-05
79.8305  8.31898e-05
79.9303  8.29842e-05
80.0302  8.27793e-05
80.13  8.25753e-05
80.2299  8.23719e-05
80.3297  8.21693e-05
80.4296  8.19675e-05
80.5294  8.17664e-05
80.6293  8.15661e-05
80.7291  8.13665e-05
80.829  8.11676e-05
80.9288  8.09694e-05
81.0287  8.0772e-05
81.1285  8.05753e-05
81.2284  8.03793e-05
81.3282  8.0184e-05
81.4281  7.99894e-05
81.5279  7.97956e-05
81.6278  7.96024e-05
81.7276  7.941e-05
81.8275  7.92182e-05
81.9273  7.90271e-05
82.0272  7.88368e-05
82.127  7.86471e-05
82.2269  7.84581e-05
82.3267  7.82697e-05
82.4266  7.80821e-05
82.5264  7.78951e-05
82.6263  7.77088e-05
82.7261  7.75232e-05
82.826  7.73382e-05
82.9258  7.71539e-05
83.0257  7.69702e-05
83.1255  7.67872e-05
83.2254  7.66049e-05
83.3252  7.64232e-05
83.4251  7.62421e-05
83.5249  7.60617e-05
83.6248  7.5882e-05
83.7246  7.57028e-05
83.8245  7.55243e-05
83.9243  7.53465e-05
84.0242  7.51692e-05
84.124  7.49926e-05
84.2239  7.48166e-05
84.3237  7.46412e-05
84.4236  7.44665e-05
84.5234  7.42923e-05
84.6233  7.41188e-05
84.7231  7.39458e-05
84.823  7.37735e-05
84.9228  7.36018e-05
85.0227  7.34307e-05
85.1225  7.32601e-05
85.2224  7.30902e-05
85.3222  7.29208e-05
85.4221  7.27521e-05
85.5219  7.25839e-05
85.6218  7.24163e-05
85.7216  7.22493e-05
85.8215  7.20829e-05
85.9213  7.1917e-05
86.0212  7.17517e-05
86.121  7.1587e-05
86.2209  7.14228e-05
86.3207  7.12592e-05
86.4206  7.10962e-05
86.5204  7.09337e-05
86.6203  7.07718e-05
86.7201  7.06105e-05
86.82  7.04497e-05
86.9198  7.02894e-05
87.0197  7.01297e-05
87.1195  6.99705e-05
87.2194  6.98119e-05
87.3192  6.96538e-05
87.4191  6.94962e-05
87.5189  6.93392e-05
87.6188  6.91827e-05
87.7186  6.90267e-05
87.8185  6.88713e-05
87.9183  6.87164e-05
88.0182  6.8562e-05
88.118  6.84081e-05
88.2179  6.82548e-05
88.3177  6.8102e-05
88.4176  6.79496e-05
88.5174  6.77978e-05
88.6173  6.76465e-05
88.7171  6.74957e-05
88.817  6.73454e-05
88.9168  6.71956e-05
89.0167  6.70463e-05
89.1165  6.68975e-05
89.2164  6.67492e-05
89.3162  6.66014e-05
89.4161  6.64541e-05
89.5159  6.63073e-05
89.6158  6.61609e-05
89.7156  6.6015e-05
89.8155  6.58697e-05
89.9153  6.57248e-05
90.0152  6.55803e-05
90.115  6.54364e-05
90.2149  6.52929e-05
90.3147  6.51499e-05
90.4146  6.50074e-05
90.5144  6.48653e-05
90.6143  6.47237e-05
90.7141  6.45826e-05
90.814  6.44419e-05
90.9138  6.43017e-05
91.0137  6.41619e-05
91.1135  6.40226e-05
91.2134  6.38837e-05
91.3132  6.37453e-05
91.4131  6.36074e-05
91.5129  6.34699e-05
91.6128  6.33328e-05
91.7126  6.31962e-05
91.8125  6.306e-05
91.9123  6.29243e-05
92.0122  6.2789e-05
92.112  6.26541e-05
92.2119  6.25197e-05
92.3117  6.23857e-05
92.4116  6.22521e-05
92.5114  6.2119e-05
92.6113  6.19863e-05
92.7111  6.1854e-05
92.811  6.17221e-05
92.9108  6.15907e-05
93.0107  6.14596e-05
93.1105  6.1329e-05
93.2104  6.11988e-05
93.3102  6.10691e-05
93.4101  6.09397e-05
93.5099  6.08107e-05
93.6098  6.06822e-05
93.7096  6.05541e-05
93.8095  6.04263e-05
93.9093  6.0299e-05
94.0092  6.01721e-05
94.109  6.00455e-05
94.2089  5.99194e-05
94.3087  5.97937e-05
94.4086  5.96683e-05
94.5084  5.95434e-05
94.6083  5.94188e-05
94.7081  5.92947e-05
94.808  5.91709e-05
94.9078  5.90475e-05
95.0077  5.89245e-05
95.1075  5.88019e-05
95.2074  5.86797e-05
95.3072  5.85578e-05
95.4071  5.84364e-05
95.5069  5.83153e-05
95.6068  5.81945e-05
95.7066  5.80742e-05
95.8065  5.79542e-05
95.9063  5.78346e-05
96.0062  5.77154e-05
96.106  5.75965e-05
96.2059  5.7478e-05
96.3057  5.73599e-05
96.4056  5.72421e-05
96.5054  5.71247e-05
96.6053  5.70077e-05
96.7051  5.6891e-05
96.805  5.67747e-05
96.9048  5.66587e-05
97.0047  5.65431e-05
97.1045  5.64278e-05
97.2044  5.63129e-05
97.3042  5.61983e-05
97.4041  5.60841e-05
97.5039  5.59703e-05
97.6038  5.58567e-05
97.7036  5.57436e-05
97.8035  5.56307e-05
97.9033  5.55183e-05
98.0032  5.54061e-05
98.103  5.52943e-05
98.2029  5.51828e-05
98.3027  5.50717e-05
98.4026  5.49609e-05
98.5024  5.48504e-05
98.6023  5.47403e-05
98.7021  5.46305e-05
98.802  5.4521e-05
98.9018  5.44119e-05
99.0017  5.43031e-05
99.1015  5.41946e-05
99.2014  5.40864e-05
99.3012  5.39786e-05
99.4011  5.38711e-05
99.5009  5.37639e-05
99.6008  5.3657e-05
99.7006  5.35505e-05
99.8005  5.34442e-05
99.9003  5.33383e-05
100  5.32327e-05
